{
 "cells": [
  {
   "cell_type": "code",
   "execution_count": 3,
   "id": "a188c1cd",
   "metadata": {},
   "outputs": [],
   "source": [
    "import numpy as np"
   ]
  },
  {
   "cell_type": "code",
   "execution_count": 4,
   "id": "9f42a7be",
   "metadata": {},
   "outputs": [],
   "source": [
    "arr = np.random.randn(3, 4) * 2 + 4"
   ]
  },
  {
   "cell_type": "code",
   "execution_count": 12,
   "id": "d1b101ec",
   "metadata": {},
   "outputs": [
    {
     "data": {
      "text/plain": [
       "array([[-0.83647935,  5.39850007,  3.82021513,  6.25034405],\n",
       "       [ 3.93977684,  2.77687692,  5.93343583,  5.54990105],\n",
       "       [ 2.90583543,  3.83725788,  4.07323841,  4.5318158 ]])"
      ]
     },
     "execution_count": 12,
     "metadata": {},
     "output_type": "execute_result"
    }
   ],
   "source": [
    "arr"
   ]
  },
  {
   "cell_type": "code",
   "execution_count": 10,
   "id": "c7c19aa1",
   "metadata": {},
   "outputs": [
    {
     "name": "stdout",
     "output_type": "stream",
     "text": [
      "arr.min()=np.float64(-0.8364793547906659)\n",
      "arr.max()=np.float64(6.250344054778192)\n",
      "arr.std()=np.float64(1.8164269337790866)\n",
      "arr.mean()=np.float64(4.015059836968263)\n"
     ]
    }
   ],
   "source": [
    "print(f\"{arr.min()=}\\n{arr.max()=}\\n{arr.std()=}\\n{arr.mean()=}\")"
   ]
  },
  {
   "cell_type": "code",
   "execution_count": 11,
   "id": "87538fcc",
   "metadata": {},
   "outputs": [
    {
     "data": {
      "text/plain": [
       "array([[-0.83647935,  5.39850007,  3.82021513],\n",
       "       [ 6.25034405,  3.93977684,  2.77687692],\n",
       "       [ 5.93343583,  5.54990105,  2.90583543],\n",
       "       [ 3.83725788,  4.07323841,  4.5318158 ]])"
      ]
     },
     "execution_count": 11,
     "metadata": {},
     "output_type": "execute_result"
    }
   ],
   "source": [
    "arr.reshape(4, 3)"
   ]
  },
  {
   "cell_type": "code",
   "execution_count": 13,
   "id": "9da317f3",
   "metadata": {},
   "outputs": [
    {
     "data": {
      "text/plain": [
       "array([[-0.83647935,  3.93977684,  2.90583543],\n",
       "       [ 5.39850007,  2.77687692,  3.83725788],\n",
       "       [ 3.82021513,  5.93343583,  4.07323841],\n",
       "       [ 6.25034405,  5.54990105,  4.5318158 ]])"
      ]
     },
     "execution_count": 13,
     "metadata": {},
     "output_type": "execute_result"
    }
   ],
   "source": [
    "arr.T"
   ]
  }
 ],
 "metadata": {
  "kernelspec": {
   "display_name": ".venv",
   "language": "python",
   "name": "python3"
  },
  "language_info": {
   "codemirror_mode": {
    "name": "ipython",
    "version": 3
   },
   "file_extension": ".py",
   "mimetype": "text/x-python",
   "name": "python",
   "nbconvert_exporter": "python",
   "pygments_lexer": "ipython3",
   "version": "3.9.6"
  }
 },
 "nbformat": 4,
 "nbformat_minor": 5
}
